Peter,1,Computer,2,0,Wed Mar 20 13:03:42 2019,3,3,1,1,1,2,2,0,1,2,1,2,0,0,2,1,2,1,0,0,0
Player 1,1,Computer,2,2,Wed Mar 20 14:57:55 2019,10,4,2,7,2,8,3,7,4,7,3,9,3,8,4,9,5,9,4,8,2,9,2,5,2,6,2,5,1,5,3,6,3,8,5,4,1
Zsolt,1,Computer,2,1,Mon Mar 25 14:24:33 2019,3,3,1,0,1,2,1,1,0,2,2,2,0,0,0,1,1,0,2,1,2
Ross,1,Yo MAma,2,1,Mon Mar 25 14:49:41 2019,4,3,1,2,2,1,2,1,1,0,0,3,3
Zsolt,1,Computer,2,2,Thu Mar 28 09:05:26 2019,7,4,1,1,1,2,2,3,3,2,4,3,2,2,5,1,3,2,3
Zsolt,1,Computer,2,1,Thu Mar 28 09:05:49 2019,7,4,1,5,3,3,3,4,2,6,4,3,1,2,0,2,2,1,3,3,2,5,2,1,2
Zsolt,1,Computer,2,2,Thu Mar 28 09:06:21 2019,7,4,2,3,6,4,4,2,6,4,6,0,6,1,6,4,3,2,5,4,1,1,4,4,2,4,0,3,4,3,5,6,1,5,1,5,2
Alex,1,Computer,2,0,Thu Mar 28 09:07:05 2019,3,3,1,1,2,0,2,1,1,1,0,0,0,2,2,2,1,0,1,2,0
Alex,1,Computer,2,2,Thu Mar 28 09:07:19 2019,3,3,2,1,1,1,0,2,0,0,2,2,2,0,0,2,1
Peter,1,Zoltan,2,2,Thu Mar 28 09:08:45 2019,3,3,2,1,1,0,0,2,0,0,2,0,1,2,1,1,0,2,2,1,2
Peter,1,Zoltan,2,1,Thu Mar 28 09:09:18 2019,3,3,1,1,1,1,0,0,2,2,0,0,0,0,1,2,2
Sia,1,Computer,2,0,Thu Mar 28 09:12:10 2019,3,3,1,1,1,2,2,2,1,0,1,0,0,1,2,0,2,2,0,1,0
Zsolt,1,Computer,2,0,Thu Mar 28 09:26:29 2019,3,3,1,1,1,2,2,2,1,0,1,0,2,2,0,1,0,1,2,0,0
