Zsoltan,1,Computer,2,2,Tue Mar 12 00:00:00 2019,3,3,1,0,1,2,1,1,0,2,2,2,0,0,0,1,2,1,1
Trata,1,Computer,2,1,Tue Mar 12 00:00:55 2019,3,3,1,1,1,2,2,1,2,1,0,0,0,2,1,2,0,0,2,0,1
Trata,1,Computer,2,2,Tue Mar 12 00:02:33 2019,6,4,2,1,1,2,1,2,2,3,3,1,2,3,2,1,3,1,4,1,0
Zsoll,1,Matt,2,1,Tue Mar 12 00:03:17 2019,4,3,1,2,1,1,2,2,2,2,3,2,0
Zsoltina,1,Computer,2,1,Tue Mar 12 22:29:39 2019,3,3,1,0,0,0,2,1,1,2,2,1,2,1,0,2,0,0,1,2,1
Asdad,1,Computer,2,2,Tue Mar 12 22:49:46 2019,3,3,1,0,0,0,2,0,1,1,2,1,0,2,2
Player 1,1,Computer,2,2,Wed Mar 13 13:42:07 2019,3,3,1,0,0,0,2,0,1,1,2,1,0,2,2
Zsoltan,1,Computer,2,0,Thu Mar 14 23:56:12 2019,3,3,1,0,0,0,2,1,1,2,2,1,2,1,0,2,0,0,1,2,1
Zsoltan,1,Computer,2,0,Thu Mar 14 23:57:34 2019,3,3,2,0,1,1,1,0,0,0,2,2,0,1,0,1,2,2,1,2,2
Tina,1,Tequila,2,1,Fri Mar 15 00:02:56 2019,3,3,1,1,2,2,0,2,1,1,1,0,2,0,0,2,2
Tina,1,Tequila,2,0,Fri Mar 15 00:03:49 2019,3,3,2,2,0,2,1,2,2,0,0,1,1,0,2,0,1,1,0,1,2
Asda,1,Computer,2,2,Fri Mar 15 00:14:46 2019,3,3,1,0,0,0,2,2,1,1,2,2,0,2,2
Asda,1,Computer,2,0,Fri Mar 15 00:15:20 2019,3,3,1,1,1,0,2,1,2,1,0,2,1,0,1,0,0,2,2,2,0
Solp,1,Computer,2,2,Sat Mar 16 14:58:00 2019,3,3,1,0,1,2,1,1,1,2,0,2,2
Solp,1,Computer,2,2,Sat Mar 16 14:58:30 2019,3,3,2,2,2,0,0,0,2,1,1
Zsolt,1,Computer,2,2,Sat Mar 16 15:18:53 2019,3,3,1,0,0,0,2,1,2,2,0,2,1,1,1
Zsoltan,1,Computer,2,0,Sat Mar 16 15:19:32 2019,3,3,2,0,1,1,1,0,0,0,2,2,0,1,0,1,2,2,1,2,2
Tomm,1,Promm,2,0,Sat Mar 16 15:20:55 2019,3,3,1,0,2,1,1,0,0,0,1,2,1,1,2,1,0,2,0,2,2
